20 40
0000000111110000000100000001111100000001
1111110011110111110011111100111101111100
1101111001100001111011011110011000011110
1001011101101100011010110000101011000011
1011011000101111011011011110011000011110
1011000010101100001111011110011000011110
1011111000101101100001111111111111011111
0000000000001111101111111111111001111011
0111111100110000100101111111111111011101
0011100000111110110101111111000111010001
1000001111110000100101111111011111111101
1110111000010111101110111110001011011000
1111111111100111101100000000011100000101
0000000000001100000100000000000000000000
0111111111111101110101111111111111011111
0111111101111111110110110000101011000011
0000000001110000010101111111111111011111
0111111100011101000101111111111111011111
0111111111111101111101111111111111011111
0000000000000000000010111110001011011000
8 12
8 12

